0 1 45
0 15 90
0 7 15
0 13 40
0 14 37
0 8 48
0 3 62
0 6 59
0 17 88
0 19 63
1 6 34
1 12 15
1 0 45
1 7 71
1 2 2
1 14 30
1 18 67
1 15 93
1 4 74
1 19 43
1 3 62
2 11 49
2 18 9
2 12 72
2 14 35
2 5 25
2 4 24
2 1 2
2 19 57
2 9 30
2 16 36
3 14 58
3 10 1
3 17 62
3 8 33
3 13 76
3 0 62
3 9 88
3 1 62
4 13 82
4 2 24
4 1 74
4 17 37
4 6 29
4 8 68
4 18 80
4 10 74
4 7 96
5 7 9
5 2 25
5 8 11
5 10 17
5 9 9
5 16 81
5 19 86
5 11 59
5 18 49
5 12 60
6 13 14
6 1 34
6 18 8
6 8 8
6 0 59
6 19 74
6 11 19
6 4 29
6 9 15
7 5 9
7 1 71
7 0 15
7 9 63
7 12 66
7 8 38
7 10 76
7 17 59
7 4 96
7 15 35
8 14 99
8 19 94
8 17 88
8 5 11
8 3 33
8 0 48
8 11 12
8 6 8
8 7 38
8 4 68
9 13 30
9 15 54
9 5 9
9 17 97
9 7 63
9 12 6
9 14 68
9 16 4
9 2 30
9 3 88
9 6 15
10 13 75
10 3 1
10 16 90
10 5 17
10 19 66
10 12 30
10 17 32
10 7 76
10 4 74
11 2 49
11 13 35
11 12 9
11 17 27
11 14 95
11 19 44
11 8 12
11 6 19
11 16 91
11 5 59
12 2 72
12 1 15
12 11 9
12 16 59
12 7 66
12 9 6
12 10 30
12 18 46
12 5 60
12 14 96
12 19 4
13 6 14
13 4 82
13 10 75
13 11 35
13 18 75
13 14 15
13 9 30
13 17 78
13 0 40
13 3 76
14 3 58
14 8 99
14 2 35
14 13 15
14 11 95
14 0 37
14 1 30
14 9 68
14 19 95
14 15 6
14 16 46
14 12 96
15 17 58
15 0 90
15 9 54
15 1 93
15 18 28
15 14 6
15 7 35
16 12 59
16 10 90
16 18 70
16 11 91
16 5 81
16 17 29
16 9 4
16 2 36
16 14 46
17 15 58
17 11 27
17 13 78
17 3 62
17 18 60
17 8 88
17 9 97
17 0 88
17 10 32
17 16 29
17 4 37
17 7 59
18 2 9
18 13 75
18 6 8
18 17 60
18 1 67
18 16 70
18 15 28
18 12 46
18 5 49
18 4 80
19 8 94
19 11 44
19 2 57
19 10 66
19 6 74
19 5 86
19 14 95
19 1 43
19 0 63
19 12 4
